0.4522    0.9998    0.0489    0.5534    0.9671
1.0516    0.2672    0.8418    0.6911    0.5644
0.9995    0.1920    1.3228    1.4725    0.2864
0.8087    1.4986    1.0038    0.2346    0.6424
1.0472    0.2567    0.2856    1.2833    0.7230

0.1809    0.3777    1.4740    1.3595    0.0338
0.8843    0.4357    1.0954    1.3195    0.6379
0.3393    0.9256    0.5158    1.2266    0.4691
0.5769    0.3979    0.8761    0.3911    0.2422
0.8745    1.2366    0.1617    0.8915    0.2681

0.6343    1.0498    0.7963    1.4530    1.1682
0.1413    0.9578    0.9817    0.7970    0.6352
0.8978    0.0504    0.6114    0.4877    0.1362
0.7064    0.1032    1.2300    0.1584    0.3997
1.0439    0.4794    1.0775    0.9164    0.2305

0.4215    0.7771    1.0142    0.3822    1.1708
0.6601    1.4154    0.4336    0.3361    1.0130
0.7907    0.9566    1.0077    1.0017    0.0101
0.6861    1.4365    1.0427    1.2666    0.9033
1.3131    0.3611    0.1020    0.5167    0.5802

1.3740    1.1552    0.2638    0.9111    0.4036
0.0017    0.4837    1.0826    0.2876    1.1483
0.6937    1.1771    0.7102    1.1076    0.2830
0.6365    0.7070    0.2291    0.3643    0.4312
0.6914    0.0536    0.5117    1.3761    0.1367

0.8643    0.9714    1.0639    0.6881    0.6242
1.0250    1.0185    0.3543    0.9929    1.2629
0.8199    0.9537    0.1791    1.1554    1.2494
0.6386    1.4178    0.9110    0.5253    0.3847
0.9667    0.3134    0.6752    0.9930    0.9202

